n geometrias 900

== marginal por N
     base     be    auc  auc_mes  esp_top  acerto_top  be_top         n
N                                                                      
3   0.138  0.150  0.522    0.538  -15.548       0.146   0.162  2682.917
5   0.136  0.146  0.518    0.538  -17.133       0.144   0.160  2682.917
7   0.132  0.141  0.525    0.547  -12.874       0.143   0.155  2682.917
10  0.127  0.136  0.530    0.550  -11.318       0.141   0.151  2682.917
15  0.117  0.122  0.534    0.554   -0.705       0.128   0.129  2682.917

== marginal por piso
       base     be    auc  auc_mes  esp_top  acerto_top  be_top         n
piso                                                                     
0.5   0.138  0.146  0.523    0.542  -11.002       0.144   0.158  2682.917
1.0   0.133  0.142  0.523    0.547   -7.917       0.144   0.151  2682.917
1.5   0.119  0.129  0.531    0.547  -15.628       0.133   0.145  2682.917

== marginal por K
     base     be    auc  auc_mes  esp_top  acerto_top  be_top         n
K                                                                      
3   0.229  0.237  0.503    0.510   -6.461       0.236   0.247  2682.917
4   0.168  0.178  0.512    0.518  -10.488       0.174   0.185  2682.917
5   0.128  0.140  0.523    0.534  -13.635       0.140   0.153  2682.917
7   0.081  0.090  0.528    0.557  -13.229       0.092   0.104  2682.917
10  0.045  0.051  0.563    0.608  -13.764       0.058   0.067  2682.917

== marginal por m
      base     be    auc  auc_mes  esp_top  acerto_top  be_top         n
m                                                                       
100  0.128  0.135  0.527    0.544   -9.418       0.141   0.151  3885.000
150  0.130  0.136  0.518    0.539   -9.363       0.141   0.151  3300.667
250  0.132  0.141  0.526    0.548  -10.579       0.141   0.152  2276.333
375  0.130  0.144  0.532    0.551  -16.703       0.137   0.151  1269.667

== marginal por S
     base     be    auc  auc_mes  esp_top  acerto_top  be_top        n
S                                                                     
5   0.130  0.142  0.538    0.553   -2.041       0.148   0.152  5327.25
15  0.129  0.137  0.514    0.532   -9.794       0.134   0.144  1817.00
30  0.131  0.138  0.526    0.552  -22.712       0.138   0.157   904.50

== AUC medio por K x N
N      3      5      7      10     15
K                                    
3   0.491  0.496  0.500  0.506  0.522
4   0.507  0.509  0.513  0.518  0.513
5   0.520  0.516  0.521  0.524  0.536
7   0.528  0.513  0.526  0.536  0.538
10  0.563  0.557  0.567  0.564  0.562

== esp_top por K x N
N     3     5     7     10    15
K                               
3  -11.6  -8.6 -10.2  -7.5   5.7
4  -11.1 -10.7  -6.9  -6.7 -16.9
5  -18.7 -15.5 -14.2 -15.9  -3.8
7  -18.8 -26.6 -19.4 -10.4   9.1
10 -17.4 -24.1 -13.7 -16.0   2.5

== esp_top por S x m
m    100   150   250   375
S                         
5   -3.2  -7.4   7.2  -4.7
15  -8.5  -6.0 -12.3 -12.3
30 -16.6 -14.7 -26.6 -33.0

== top 15 por esp_top suavizado (n>=250)
  m  S  N  piso  K    n  base    be   auc  acerto_top  be_top  esp_top  esp_top_suav  auc_suav
250  5 15   0.5 10 4522 0.048 0.048 0.577       0.077   0.060   32.849        30.590     0.567
250  5 10   0.5 10 4522 0.056 0.061 0.583       0.084   0.068   26.264        29.806     0.568
250  5 15   1.0 10 4522 0.044 0.045 0.590       0.074   0.053   44.797        28.760     0.579
250  5 15   1.5 10 4522 0.032 0.033 0.627       0.060   0.050   23.368        28.518     0.584
250  5 10   1.0 10 4522 0.050 0.055 0.590       0.078   0.062   32.160        27.947     0.580
375  5 15   0.5 10 2526 0.048 0.055 0.545       0.071   0.041   52.466        27.082     0.553
250  5 15   0.5  7 4522 0.079 0.083 0.549       0.114   0.085   38.768        26.077     0.555
250  5 10   1.5 10 4522 0.035 0.039 0.634       0.069   0.055   33.186        25.722     0.584
250  5 10   0.5  7 4522 0.092 0.097 0.566       0.127   0.112   19.101        25.618     0.557
375  5 15   0.5  7 2526 0.080 0.093 0.550       0.107   0.067   47.383        22.600     0.548
250  5 15   1.0  7 4522 0.076 0.081 0.533       0.107   0.087   32.313        22.094     0.562
250  5  7   1.0 10 4522 0.053 0.060 0.566       0.069   0.064    7.634        21.720     0.580
250  5 10   1.0  7 4522 0.086 0.094 0.545       0.120   0.108   18.467        21.484     0.564
250  5 15   1.5  7 4522 0.061 0.068 0.574       0.093   0.086   12.760        21.114     0.564
250  5  7   0.5 10 4522 0.061 0.067 0.577       0.092   0.066   38.339        20.640     0.568

== top 10 por AUC suavizado
  m  S  N  piso  K    n  base   auc  auc_suav  esp_top
100  5 15   1.0 10 7712 0.037 0.610     0.592   15.945
375  5  3   1.5 10 2526 0.032 0.670     0.592   24.156
100  5 15   1.5 10 7712 0.027 0.611     0.592    0.650
100  5 15   0.5 10 7712 0.039 0.608     0.590   29.244
375  5  5   1.5 10 2526 0.030 0.650     0.590    1.340
375  5  3   1.0 10 2526 0.051 0.589     0.588   -1.173
375  5  5   1.0 10 2526 0.051 0.582     0.587  -15.745
100 30 15   0.5 10 1308 0.037 0.597     0.586  -18.339
250  5 15   1.5 10 4522 0.032 0.627     0.584   23.368
250  5 10   1.5 10 4522 0.035 0.634     0.584   33.186
frac geometrias esp_top>0: 0.311 acerto_top>be_top 0.311
