                         testes  p05  q05  qcons10
amostra   rotulo                                  
com_10-05 contemporaneo      80   21   15        8
          operavel          120   13    6        1
sem_10-05 contemporaneo      80   22   15        8
          operavel          120   11    5        1
       amostra   pred    alvo    n       rho  p_perm   p_bloco   p_razao    q_perm  q_cons    rho_H1    rho_H2  estavel
55   com_10-05   B1_v  pr_neg  122  0.397213  0.0000  0.044643  0.241071  0.000000   1.000  0.067089  0.112408     True
305  sem_10-05   C1_n  pr_neg  121  0.351226  0.0000  0.216216  1.000000  0.000000   1.000  0.166139 -0.173147    False
315  sem_10-05  C1_vn  pr_neg  121 -0.338796  0.0000  0.261261  1.000000  0.000000   1.000 -0.254483  0.066004    False
255  sem_10-05   B1_v  pr_neg  121  0.386160  0.0000  0.072072  0.234234  0.000000   1.000  0.067089  0.077573     True
275  sem_10-05  B1_vn  pr_neg  121  0.349052  0.0000  0.126126  0.459459  0.000000   1.000  0.041373 -0.000336    False
94   com_10-05   C1_v  pr_vol  122 -0.313465  0.0002  0.000000  0.000000  0.008000   0.024 -0.273309 -0.346658     True
105  com_10-05   C1_n  pr_neg  122  0.329035  0.0002  0.339286  1.000000  0.008000   1.000  0.166139 -0.185165    False
294  sem_10-05   C1_v  pr_vol  121 -0.324380  0.0002  0.000000  0.000000  0.004800   0.024 -0.273309 -0.370488     True
75   com_10-05  B1_vn  pr_neg  122  0.348532  0.0003  0.125000  0.473214  0.009000   1.000  0.041373  0.029075     True
115  com_10-05  C1_vn  pr_neg  122 -0.315163  0.0007  0.294643  1.000000  0.016800   1.000 -0.254483  0.085623    False
15   com_10-05    A_v  pr_neg  122 -0.276356  0.0019  0.285714  0.232143  0.038000   1.000  0.009997  0.090751    False
293  sem_10-05   C1_v     amp  121 -0.270069  0.0029  0.000000  0.252252  0.058000   1.000 -0.173132 -0.309188     True
215  sem_10-05    A_v  pr_neg  121 -0.258651  0.0041  0.297297  0.279279  0.070286   1.000  0.009997  0.143097    False
213  sem_10-05    A_v     amp  121  0.249851  0.0047  0.018018  0.009009  0.070500   0.816  0.249762  0.223070     True
93   com_10-05   C1_v     amp  122 -0.259734  0.0050  0.000000  0.205357  0.085714   1.000 -0.173132 -0.287317     True
13   com_10-05    A_v     amp  122  0.222909  0.0131  0.026786  0.008929  0.196500   1.000  0.249762  0.176328     True
265  sem_10-05   B1_n  pr_neg  121 -0.216881  0.0155  0.162162  0.648649  0.206667   1.000  0.031776 -0.018145    False
1    com_10-05   A_dp     dir  119 -0.222932  0.0171  0.009174       NaN  0.228000   1.000 -0.136931 -0.309941     True
201  sem_10-05   A_dp     dir  118 -0.213489  0.0204  0.009259       NaN  0.244800   0.816 -0.136931 -0.292039     True
65   com_10-05   B1_n  pr_neg  122 -0.206592  0.0222  0.169643  0.660714  0.266400   1.000  0.031776 -0.009661    False
273  sem_10-05  B1_vn     amp  121 -0.195874  0.0340  0.081081  0.144144  0.370909   1.000  0.006214 -0.311636    False
0    com_10-05   A_dp     var  119 -0.195872  0.0356  0.027523       NaN  0.369000   1.000 -0.216864 -0.201452     True
73   com_10-05  B1_vn     amp  122 -0.190882  0.0369  0.071429  0.098214  0.369000   1.000  0.006214 -0.277885    False
43   com_10-05  B1_dp     amp  119  0.187022  0.0436  0.045872       NaN  0.402462   1.000  0.029822  0.280708     True
200  sem_10-05   A_dp     var  118 -0.179204  0.0523  0.055556       NaN  0.523000   1.000 -0.216864 -0.167414     True
       amostra   pred    alvo    n       rho  p_perm   p_bloco   p_razao  q_perm    q_cons    rho_H1    rho_H2  estavel
120  com_10-05  B0_dp     var  122  0.999965     0.0  0.000000       NaN     0.0  0.000000  0.999984  0.999956     True
121  com_10-05  B0_dp     dir  122  0.856593     0.0  0.000000       NaN     0.0  0.000000  0.835656  0.865233     True
126  com_10-05  B0_dp    m5_1  122  0.441171     0.0  0.000000       NaN     0.0  0.000000  0.359505  0.495913     True
127  com_10-05  B0_dp    m5_3  122  0.464988     0.0  0.000000       NaN     0.0  0.000000  0.414602  0.494831     True
135  com_10-05   B0_v  pr_neg  125  0.611773     0.0  0.000000  0.130435     0.0  0.637793  0.572005  0.351759     True
134  com_10-05   B0_v  pr_vol  125  0.501770     0.0  0.000000  0.608696     0.0  0.910237  0.599065  0.435174     True
129  com_10-05  B0_dp   m5_12  122  0.449759     0.0  0.000000       NaN     0.0  0.000000  0.402966  0.508802     True
128  com_10-05  B0_dp    m5_6  122  0.438223     0.0  0.000000       NaN     0.0  0.000000  0.325193  0.526864     True
174  com_10-05   C0_v  pr_vol  125 -0.505843     0.0  0.000000  0.000000     0.0  0.000000 -0.450029 -0.565181     True
155  com_10-05  B0_vn  pr_neg  125  0.432178     0.0  0.017391  0.347826     0.0  0.795031  0.197954  0.163511     True
326  sem_10-05  B0_dp    m5_1  121  0.428940     0.0  0.000000       NaN     0.0  0.000000  0.359505  0.475296     True
327  sem_10-05  B0_dp    m5_3  121  0.453299     0.0  0.000000       NaN     0.0  0.000000  0.414602  0.474163     True
335  sem_10-05   B0_v  pr_neg  124  0.603871     0.0  0.000000  0.114035     0.0  0.480148  0.572005  0.323601     True
334  sem_10-05   B0_v  pr_vol  124  0.491216     0.0  0.000000  0.622807     0.0  0.922677  0.599065  0.411626     True
329  sem_10-05  B0_dp   m5_12  121  0.437913     0.0  0.000000       NaN     0.0  0.000000  0.402966  0.489737     True
  variavel                           par    n       rho  nulo_med   nulo_lo   nulo_hi    p_nulo  rho_menos_nulo
0        v              B->C (mesmo dia)  125 -0.334022 -0.330844 -0.587859 -0.089109  0.981000       -0.003177
1        v       C->A (pos X -> pre X+1)  122 -0.520635 -0.509201 -0.676773 -0.317006  0.923000       -0.011434
2        v  A->B (pre X+1 -> pregao X+1)  122 -0.458610 -0.560530 -0.713475 -0.388602  0.269333        0.101920
3        n              B->C (mesmo dia)  125 -0.162249 -0.093318 -0.521686  0.301607  0.838667       -0.068930
4        n       C->A (pos X -> pre X+1)  122 -0.649352 -0.642706 -0.837692 -0.453027  0.963667       -0.006647
5        n  A->B (pre X+1 -> pregao X+1)  122 -0.670451 -0.656485 -0.850476 -0.450785  0.912333       -0.013967
6       vn              B->C (mesmo dia)  125 -0.183158 -0.053434 -0.548819  0.380296  0.740333       -0.129724
7       vn       C->A (pos X -> pre X+1)  122 -0.631116 -0.662384 -0.856883 -0.441794  0.852667        0.031268
8       vn  A->B (pre X+1 -> pregao X+1)  122 -0.566150 -0.655724 -0.849923 -0.433888  0.547333        0.089574
                            par    n       rho   p_shift
0                          B->C  122 -0.125500  0.133929
1            C->A(gap seguinte)  119 -0.099829  0.330275
2  A->B (gap D+1 -> pregao D+1)  119 -0.196382  0.027523
   estagio  var    alvo    n  rho_razao   rho_num   rho_den  beta_num  beta_den     p_num     p_den     q_num     q_den
0        A  vol     var  122   0.078667  0.038293 -0.072303  0.041487 -0.074091  0.732143  0.508929  0.962302  0.981105
1        A  vol     dir  122   0.016002 -0.095541 -0.136017 -0.089844 -0.132143  0.428571  0.223214  0.962302  0.981105
2        A  vol  absvar  122  -0.049063 -0.141650 -0.005416 -0.141679  0.000692  0.130000  0.995500  0.688235  0.995500
3        A  vol     amp  122   0.222909  0.078667 -0.238579  0.089119 -0.242421  0.508929  0.035714  0.962302  0.401786
4        A  vol  pr_vol  122   0.137337  0.139544 -0.073924  0.142997 -0.080089  0.562500  0.642857  0.962302  0.981105
5        A  vol  pr_neg  122  -0.276356 -0.241520  0.121541 -0.247220  0.132200  0.491071  0.651786  0.962302  0.981105
6        A  vol    m5_1  122   0.030743  0.080110  0.022828  0.079274  0.019411  0.401786  0.836000  0.962302  0.981105
7        A  vol    m5_3  122  -0.003572  0.040880  0.059161  0.038401  0.057506  0.689500  0.532000  0.962302  0.981105
8        A  vol    m5_6  122  -0.000948  0.025911  0.041759  0.024155  0.040718  0.830357  0.651786  0.962302  0.981105
9        A  vol   m5_12  122  -0.040229 -0.032140  0.056900 -0.034657  0.058395  0.704000  0.553571  0.962302  0.981105
10       A  neg     var  122  -0.087923 -0.139202 -0.051572 -0.136536 -0.008439  0.223214  0.931500  0.803571  0.981105
11       A  neg     dir  122  -0.085658 -0.148546 -0.059545 -0.144119 -0.014016  0.125500  0.881000  0.688235  0.981105
12       A  neg  absvar  122  -0.049958 -0.050184  0.013458 -0.060471  0.032561  0.523500  0.715500  0.962302  0.981105
13       A  neg     amp  122   0.029959 -0.127585 -0.178718 -0.079011 -0.153758  0.482143  0.321429  0.962302  0.981105
14       A  neg  pr_vol  122   0.070739  0.248562  0.134133  0.229047  0.061774  0.205357  0.892857  0.803571  0.981105
15       A  neg  pr_neg  122  -0.035127  0.499283  0.564584  0.356503  0.451960  0.008929  0.000000  0.114796  0.000000
16       A  neg    m5_1  122   0.012872 -0.040499 -0.054522 -0.025855 -0.046354  0.830357  0.625000  0.962302  0.981105
17       A  neg    m5_3  122  -0.037728 -0.083503 -0.035221 -0.080401 -0.009822  0.382500  0.919643  0.962302  0.981105
18       A  neg    m5_6  122  -0.065040 -0.086289 -0.011361 -0.091869  0.017662  0.321000  0.855000  0.962302  0.981105
19       A  neg   m5_12  122  -0.111002 -0.159980 -0.032440 -0.166332  0.020107  0.089286  0.834500  0.657692  0.981105
20       A   vn     var  122   0.113969  0.135630  0.009167  0.162790 -0.062067  0.160714  0.506500  0.761278  0.981105
21       A   vn     dir  122   0.090364  0.101660  0.016473  0.116820 -0.034645  0.196429  0.719000  0.803571  0.981105
22       A   vn  absvar  122   0.061782  0.013344 -0.036760  0.036399 -0.052687  0.674000  0.599000  0.962302  0.981105
23       A   vn     amp  122   0.089364  0.176887  0.106171  0.161317  0.035581  0.196429  0.794643  0.803571  0.981105
24       A   vn  pr_vol  122   0.007670 -0.160435 -0.147177 -0.118776 -0.095204  0.723214  0.785714  0.962302  0.981105
25       A   vn  pr_neg  122  -0.056582 -0.591872 -0.476903 -0.473936 -0.269518  0.008929  0.241071  0.114796  0.981105
26       A   vn    m5_1  122  -0.031149  0.061215  0.047068  0.050238  0.025084  0.607143  0.821429  0.962302  0.981105
27       A   vn    m5_3  122   0.007690  0.068497  0.035844  0.065319  0.007262  0.492500  0.934000  0.962302  0.981105
28       A   vn    m5_6  122   0.036260  0.064415  0.017841  0.070014 -0.012796  0.464000  0.893000  0.962302  0.981105
29       A   vn   m5_12  122   0.076767  0.134520  0.029556  0.150382 -0.036249  0.095000  0.705357  0.657692  0.981105
30      B1  vol     var  122   0.049898  0.029721 -0.056068  0.035717 -0.059657  0.741071  0.625000  0.962302  0.981105
31      B1  vol     dir  122   0.061184  0.001883 -0.090364  0.011077 -0.091477  0.898500  0.357143  0.967500  0.981105
32      B1  vol  absvar  122   0.074432  0.015406 -0.066557  0.022321 -0.068800  0.821429  0.455357  0.962302  0.981105
33      B1  vol     amp  122  -0.094370  0.053460  0.205706  0.033120  0.202377  0.767857  0.062500  0.962302  0.540000
34      B1  vol  pr_vol  122   0.135215  0.341876  0.134621  0.331697  0.101283  0.000500  0.517857  0.011250  0.981105
35      B1  vol  pr_neg  122   0.397213  0.355887 -0.221039  0.381961 -0.259428  0.053571  0.410714  0.438312  0.981105
36      B1  vol    m5_1  122  -0.027914  0.032121  0.068587  0.025485  0.066026  0.783000  0.517857  0.962302  0.981105
37      B1  vol    m5_3  122   0.005528 -0.017944 -0.009629 -0.017149 -0.007906  0.849500  0.935500  0.962302  0.981105
38      B1  vol    m5_6  122   0.066771  0.015062 -0.067491  0.022068 -0.069709  0.866071  0.458000  0.962302  0.981105
39      B1  vol   m5_12  122   0.059385 -0.026661 -0.076946 -0.019121 -0.075024  0.847500  0.437500  0.962302  0.981105
40      B1  neg     var  122  -0.019794 -0.029298  0.014646 -0.049546  0.039833  0.803571  0.687500  0.962302  0.981105
41      B1  neg     dir  122  -0.010825 -0.010825 -0.001883 -0.013306  0.004881  0.946429  0.960500  0.967938  0.982330
42      B1  neg  absvar  122   0.076709 -0.002485 -0.084795  0.054774 -0.112639  0.544000  0.221500  0.962302  0.981105
43      B1  neg     amp  122   0.108877 -0.081955 -0.115351 -0.031443 -0.099367  0.937500  0.446429  0.967938  0.981105
44      B1  neg  pr_vol  122  -0.014503  0.336391  0.151622  0.349675 -0.026132  0.125000  0.901786  0.688235  0.981105
45      B1  neg  pr_neg  122  -0.206592  0.782209  0.443821  0.750545  0.062289  0.000000  0.455357  0.000000  0.981105
46      B1  neg    m5_1  122  -0.082252 -0.080520  0.021080 -0.123027  0.083620  0.214286  0.428571  0.803571  0.981105
47      B1  neg    m5_3  122  -0.068734 -0.071732  0.014025 -0.106340  0.068082  0.243500  0.457500  0.833333  0.981105
48      B1  neg    m5_6  122  -0.040536 -0.035801  0.000750 -0.048790  0.025553  0.597000  0.780000  0.962302  0.981105
49      B1  neg   m5_12  122  -0.004395 -0.052895 -0.045815 -0.039922 -0.025521  0.674500  0.795000  0.962302  0.981105
50      B1   vn     var  122   0.070181  0.057380 -0.033554  0.151908 -0.137778  0.267857  0.169643  0.860969  0.923824
51      B1   vn     dir  122   0.053183  0.050830 -0.031533  0.136914 -0.125469  0.250000  0.174500  0.833333  0.923824
52      B1   vn  absvar  122  -0.065341  0.018264  0.040454 -0.017933  0.052758  0.848214  0.557000  0.962302  0.981105
53      B1   vn     amp  122  -0.190882  0.132821  0.173070  0.026600  0.154820  0.919643  0.258929  0.967938  0.981105
54      B1   vn  pr_vol  122   0.061083 -0.174994 -0.102495 -0.197768  0.033194  0.562500  0.937500  0.962302  0.981105
55      B1   vn  pr_neg  122   0.348532 -0.715459 -0.526860 -0.668810 -0.067993  0.000000  0.696429  0.000000  0.981105
56      B1   vn    m5_1  122   0.079595  0.168988 -0.010882  0.333390 -0.239619  0.001000  0.008929  0.018000  0.150000
57      B1   vn    m5_3  122   0.093148  0.125810 -0.034268  0.282126 -0.227834  0.000500  0.010000  0.011250  0.150000
58      B1   vn    m5_6  122   0.078565  0.097258 -0.030292  0.223027 -0.183310  0.014000  0.051000  0.157500  0.510000
59      B1   vn   m5_12  122   0.031294  0.111233  0.019811  0.184482 -0.106762  0.053571  0.244000  0.438312  0.981105
60      C1  vol     var  122  -0.130056 -0.072303  0.029721 -0.078463  0.041397  0.500000  0.678571  0.962302  0.981105
61      C1  vol     dir  122  -0.162844 -0.136017  0.001883 -0.139384  0.022625  0.178571  0.808500  0.803571  0.981105
62      C1  vol  absvar  122  -0.033191 -0.005416  0.015406 -0.007883  0.016579  0.946429  0.866000  0.967938  0.981105
63      C1  vol     amp  122  -0.259734 -0.238579  0.053460 -0.252118  0.090980  0.017857  0.437500  0.178571  0.981105
64      C1  vol  pr_vol  122  -0.313465 -0.073924  0.341876 -0.127627  0.360870  0.348214  0.000000  0.962302  0.000000
65      C1  vol  pr_neg  122  -0.119116  0.121541  0.355887  0.070133  0.345450  0.794643  0.133929  0.962302  0.803571
66      C1  vol    m5_1  122  -0.035026  0.022828  0.032121  0.018457  0.029374  0.842000  0.757000  0.962302  0.981105
67      C1  vol    m5_3  122   0.027563  0.059161 -0.017944  0.063232 -0.027354  0.478500  0.780500  0.962302  0.981105
68      C1  vol    m5_6  122   0.021552  0.041759  0.015062  0.040413  0.009048  0.661000  0.955357  0.962302  0.982330
69      C1  vol   m5_12  122   0.039205  0.056900 -0.026661  0.062247 -0.035924  0.535714  0.705357  0.962302  0.981105
70      C1  neg     var  122  -0.038336 -0.051572 -0.029298 -0.051953  0.000661  0.589286  0.995500  0.962302  0.995500
71      C1  neg     dir  122  -0.056948 -0.059545 -0.010825 -0.079857  0.035224  0.410714  0.688500  0.962302  0.981105
72      C1  neg  absvar  122   0.029156  0.013458 -0.002485  0.022309 -0.015350  0.799000  0.875000  0.962302  0.981105
73      C1  neg     amp  122  -0.167069 -0.178718 -0.081955 -0.196949  0.031615  0.160714  0.910714  0.761278  0.981105
74      C1  neg  pr_vol  122   0.019969  0.134133  0.336391 -0.089660  0.388093  0.794643  0.080357  0.962302  0.602679
75      C1  neg  pr_neg  122   0.329035  0.564584  0.782209  0.170081  0.684133  0.107143  0.000000  0.688235  0.000000
76      C1  neg    m5_1  122  -0.025898 -0.054522 -0.080520 -0.012120 -0.073531  0.903000  0.420500  0.967500  0.981105
77      C1  neg    m5_3  122  -0.004207 -0.035221 -0.071732  0.009203 -0.077038  0.964286  0.415500  0.973214  0.981105
78      C1  neg    m5_6  122   0.007177 -0.011361 -0.035801  0.013909 -0.043822  0.882500  0.620000  0.967500  0.981105
79      C1  neg   m5_12  122   0.001256 -0.032440 -0.052895 -0.002903 -0.051221  0.973214  0.580357  0.973214  0.981105
80      C1   vn     var  122  -0.000611  0.009167  0.057380 -0.044026  0.084948  0.651786  0.571429  0.962302  0.981105
81      C1   vn     dir  122   0.015531  0.016473  0.050830 -0.025261  0.066648  0.780500  0.571429  0.962302  0.981105
82      C1   vn  absvar  122  -0.063950 -0.036760  0.018264 -0.079284  0.067910  0.395500  0.465500  0.962302  0.981105
83      C1   vn     amp  122   0.051838  0.106171  0.132821  0.037836  0.109129  0.830357  0.526786  0.962302  0.981105
84      C1   vn  pr_vol  122  -0.127701 -0.147177 -0.174994 -0.061852 -0.136264  0.857143  0.687500  0.962302  0.981105
85      C1   vn  pr_neg  122  -0.315163 -0.476903 -0.715459 -0.047537 -0.685693  0.839286  0.000000  0.962302  0.000000
86      C1   vn    m5_1  122  -0.001497  0.047068  0.168988 -0.096643  0.229504  0.303571  0.017857  0.942118  0.229592
87      C1   vn    m5_3  122  -0.005885  0.035844  0.125810 -0.070629  0.170037  0.454000  0.066000  0.962302  0.540000
88      C1   vn    m5_6  122  -0.016929  0.017841  0.097258 -0.070834  0.141613  0.473214  0.114500  0.962302  0.736071
89      C1   vn   m5_12  122  -0.012670  0.029556  0.111233 -0.065959  0.152535  0.500000  0.090500  0.962302  0.626538
     pred    alvo  n_baixo  n_alto   media_baixo    media_alto            dif       p       sd_alvo
0    A_vn     var       41      41 -5.414634e+02  2.928049e+02     834.268293  0.0626  2.015110e+03
1    A_vn  absvar       41      41  1.483659e+03  1.632317e+03     148.658537  0.6126  1.312479e+03
2    A_vn     amp       41      41  2.899634e+03  3.192683e+03     293.048780  0.2232  1.077876e+03
3    A_vn  pr_vol       41      41  1.676384e+07  1.717875e+07  414912.463415  0.3350  1.923389e+06
4   B1_vn     var       41      41 -3.898780e+02 -1.401220e+02     249.756098  0.5802  2.015110e+03
5   B1_vn  absvar       41      41  1.789878e+03  1.541098e+03    -248.780488  0.3988  1.312479e+03
6   B1_vn     amp       41      41  3.403293e+03  2.964512e+03    -438.780488  0.0706  1.077876e+03
7   B1_vn  pr_vol       41      41  1.704686e+07  1.747612e+07  429251.219512  0.3142  1.923389e+06
8   C1_vn     var       41      41 -2.281707e+02 -2.871951e+02     -59.024390  0.8930  2.015110e+03
9   C1_vn  absvar       41      41  1.542073e+03  1.468171e+03     -73.902439  0.8010  1.312479e+03
10  C1_vn     amp       41      41  2.869634e+03  2.996341e+03     126.707317  0.6008  1.077876e+03
11  C1_vn  pr_vol       41      41  1.728454e+07  1.680132e+07 -483215.804878  0.2630  1.923389e+06
