      T    m               metrica      real      nulo      sd      z
0   250   50             P(S|conf)     0.656     0.676   0.005 -4.166
1   250   50                 P(1a)     0.455     0.452   0.010  0.274
2   250   50              P(1a)_k1     0.443     0.460   0.020 -0.900
3   250   50             P(1a)_k4+     0.463     0.445   0.016  1.056
4   250   50              P(r2<r1)     0.490     0.489   0.017  0.046
5   250   50  P(r(k+1)<r(k)) todos     0.481     0.482   0.007 -0.045
6   250   50                 P(3R)     0.279     0.266   0.007  1.993
7   250   50                 P(5R)     0.183     0.175   0.006  1.386
8   250   50                P(10R)     0.100     0.092   0.006  1.421
9   250   50            n_rec_eleg  5691.000  5991.500  42.423    NaN
10  250   62             P(S|conf)     0.628     0.642   0.005 -2.669
11  250   62                 P(1a)     0.488     0.491   0.010 -0.246
12  250   62              P(1a)_k1     0.476     0.492   0.019 -0.816
13  250   62             P(1a)_k4+     0.493     0.492   0.020  0.056
14  250   62              P(r2<r1)     0.497     0.487   0.018  0.549
15  250   62  P(r(k+1)<r(k)) todos     0.488     0.481   0.008  0.923
16  250   62                 P(3R)     0.255     0.241   0.007  2.044
17  250   62                 P(5R)     0.159     0.158   0.008  0.162
18  250   62                P(10R)     0.091     0.082   0.006  1.492
19  250   62            n_rec_eleg  5228.000  5401.500  40.072    NaN
20  250   31             P(S|conf)     0.681     0.703   0.004 -5.149
21  250   31                 P(1a)     0.431     0.423   0.009  0.983
22  250   31              P(1a)_k1     0.446     0.443   0.018  0.177
23  250   31             P(1a)_k4+     0.427     0.406   0.014  1.557
24  250   31              P(r2<r1)     0.484     0.492   0.017 -0.494
25  250   31  P(r(k+1)<r(k)) todos     0.489     0.482   0.007  1.009
26  250   31                 P(3R)     0.414     0.397   0.008  2.182
27  250   31                 P(5R)     0.273     0.252   0.008  2.621
28  250   31                P(10R)     0.150     0.137   0.006  2.236
29  250   31            n_rec_eleg  6176.000  6591.000  46.335    NaN
30  500  100             P(S|conf)     0.756     0.768   0.008 -1.417
31  500  100                 P(1a)     0.454     0.444   0.013  0.720
32  500  100              P(1a)_k1     0.424     0.421   0.030  0.114
33  500  100             P(1a)_k4+     0.493     0.465   0.019  1.488
34  500  100              P(r2<r1)     0.496     0.490   0.032  0.187
35  500  100  P(r(k+1)<r(k)) todos     0.503     0.489   0.009  1.490
36  500  100                 P(3R)     0.258     0.237   0.013  1.614
37  500  100                 P(5R)     0.176     0.158   0.011  1.629
38  500  100                P(10R)     0.093     0.079   0.006  2.329
39  500  100            n_rec_eleg  2126.000  2142.425  34.232    NaN
40  500  125             P(S|conf)     0.715     0.727   0.009 -1.399
41  500  125                 P(1a)     0.492     0.482   0.016  0.614
42  500  125              P(1a)_k1     0.460     0.464   0.030 -0.139
43  500  125             P(1a)_k4+     0.536     0.501   0.026  1.368
44  500  125              P(r2<r1)     0.490     0.493   0.030 -0.076
45  500  125  P(r(k+1)<r(k)) todos     0.503     0.490   0.011  1.243
46  500  125                 P(3R)     0.246     0.227   0.013  1.474
47  500  125                 P(5R)     0.164     0.148   0.011  1.509
48  500  125                P(10R)     0.082     0.068   0.007  2.048
49  500  125            n_rec_eleg  1817.000  1824.700  29.259    NaN
50  500   62             P(S|conf)     0.805     0.817   0.006 -1.829
51  500   62                 P(1a)     0.407     0.395   0.011  1.134
52  500   62              P(1a)_k1     0.422     0.372   0.029  1.708
53  500   62             P(1a)_k4+     0.420     0.410   0.015  0.649
54  500   62              P(r2<r1)     0.486     0.497   0.032 -0.357
55  500   62  P(r(k+1)<r(k)) todos     0.500     0.490   0.007  1.456
56  500   62                 P(3R)     0.312     0.289   0.011  2.065
57  500   62                 P(5R)     0.204     0.192   0.011  1.067
58  500   62                P(10R)     0.116     0.105   0.008  1.402
59  500   62            n_rec_eleg  2675.000  2722.675  41.195    NaN
60  750  150             P(S|conf)     0.815     0.805   0.009  1.156
61  750  150                 P(1a)     0.492     0.480   0.016  0.753
62  750  150              P(1a)_k1     0.442     0.469   0.031 -0.871
63  750  150             P(1a)_k4+     0.481     0.493   0.028 -0.435
64  750  150              P(r2<r1)     0.440     0.490   0.047 -1.073
65  750  150  P(r(k+1)<r(k)) todos     0.495     0.495   0.013  0.054
66  750  150                 P(3R)     0.264     0.237   0.014  1.912
67  750  150                 P(5R)     0.169     0.151   0.013  1.392
68  750  150                P(10R)     0.071     0.063   0.008  1.061
69  750  150            n_rec_eleg  1044.000  1031.325  21.113    NaN
70  750  187             P(S|conf)     0.772     0.759   0.011  1.238
71  750  187                 P(1a)     0.543     0.520   0.020  1.139
72  750  187              P(1a)_k1     0.549     0.520   0.032  0.932
73  750  187             P(1a)_k4+     0.493     0.528   0.037 -0.949
74  750  187              P(r2<r1)     0.469     0.491   0.037 -0.582
75  750  187  P(r(k+1)<r(k)) todos     0.502     0.494   0.015  0.543
76  750  187                 P(3R)     0.271     0.230   0.016  2.573
77  750  187                 P(5R)     0.162     0.140   0.013  1.683
78  750  187                P(10R)     0.055     0.051   0.006  0.594
79  750  187            n_rec_eleg   848.000   834.450  18.131    NaN
80  750   93             P(S|conf)     0.871     0.862   0.006  1.340
81  750   93                 P(1a)     0.436     0.421   0.013  1.183
82  750   93              P(1a)_k1     0.376     0.400   0.044 -0.554
83  750   93             P(1a)_k4+     0.453     0.435   0.016  1.171
84  750   93              P(r2<r1)     0.444     0.492   0.037 -1.273
85  750   93  P(r(k+1)<r(k)) todos     0.498     0.493   0.008  0.598
86  750   93                 P(3R)     0.283     0.259   0.011  2.227
87  750   93                 P(5R)     0.206     0.172   0.011  3.144
88  750   93                P(10R)     0.108     0.090   0.007  2.480
89  750   93            n_rec_eleg  1497.000  1463.300  25.962    NaN