      T    m               metrica       real       nulo       sd      z
0   250   50             P(S|conf)      0.644      0.651    0.003 -2.570
1   250   50                 P(1a)      0.458      0.451    0.006  1.223
2   250   50              P(1a)_k1      0.458      0.468    0.010 -1.020
3   250   50             P(1a)_k4+      0.449      0.429    0.010  2.045
4   250   50              P(r2<r1)      0.479      0.492    0.009 -1.523
5   250   50  P(r(k+1)<r(k)) todos      0.485      0.484    0.004  0.191
6   250   50                 P(3R)      0.289      0.275    0.004  3.349
7   250   50                 P(5R)      0.191      0.179    0.004  2.854
8   250   50                P(10R)      0.100      0.093    0.003  2.169
9   250   50            n_rec_eleg  21460.000  22001.700   95.935    NaN
10  250   62             P(S|conf)      0.617      0.621    0.003 -1.452
11  250   62                 P(1a)      0.491      0.483    0.006  1.420
12  250   62              P(1a)_k1      0.484      0.496    0.010 -1.263
13  250   62             P(1a)_k4+      0.492      0.466    0.012  2.220
14  250   62              P(r2<r1)      0.475      0.489    0.008 -1.778
15  250   62  P(r(k+1)<r(k)) todos      0.488      0.483    0.004  1.113
16  250   62                 P(3R)      0.258      0.240    0.005  3.806
17  250   62                 P(5R)      0.167      0.156    0.004  2.719
18  250   62                P(10R)      0.084      0.078    0.003  2.056
19  250   62            n_rec_eleg  19809.000  20138.100   90.740    NaN
20  250   31             P(S|conf)      0.665      0.675    0.003 -3.831
21  250   31                 P(1a)      0.432      0.432    0.005 -0.180
22  250   31              P(1a)_k1      0.435      0.460    0.010 -2.466
23  250   31             P(1a)_k4+      0.415      0.402    0.008  1.673
24  250   31              P(r2<r1)      0.474      0.496    0.008 -2.681
25  250   31  P(r(k+1)<r(k)) todos      0.482      0.485    0.004 -0.691
26  250   31                 P(3R)      0.445      0.432    0.004  3.199
27  250   31                 P(5R)      0.283      0.273    0.004  2.582
28  250   31                P(10R)      0.152      0.146    0.004  1.735
29  250   31            n_rec_eleg  22914.000  23759.025  108.166    NaN
30  500  100             P(S|conf)      0.759      0.750    0.004  1.998
31  500  100                 P(1a)      0.442      0.424    0.007  2.652
32  500  100              P(1a)_k1      0.441      0.422    0.014  1.351
33  500  100             P(1a)_k4+      0.436      0.423    0.011  1.225
34  500  100              P(r2<r1)      0.509      0.494    0.016  0.982
35  500  100  P(r(k+1)<r(k)) todos      0.494      0.491    0.007  0.481
36  500  100                 P(3R)      0.251      0.233    0.006  2.934
37  500  100                 P(5R)      0.164      0.150    0.006  2.412
38  500  100                P(10R)      0.080      0.073    0.004  1.810
39  500  100            n_rec_eleg   8087.000   8116.650   76.381    NaN
40  500  125             P(S|conf)      0.722      0.712    0.005  2.033
41  500  125                 P(1a)      0.482      0.467    0.009  1.732
42  500  125              P(1a)_k1      0.477      0.465    0.014  0.848
43  500  125             P(1a)_k4+      0.480      0.465    0.013  1.217
44  500  125              P(r2<r1)      0.503      0.493    0.018  0.531
45  500  125  P(r(k+1)<r(k)) todos      0.491      0.491    0.008  0.086
46  500  125                 P(3R)      0.240      0.221    0.007  2.489
47  500  125                 P(5R)      0.158      0.140    0.006  3.134
48  500  125                P(10R)      0.071      0.065    0.004  1.568
49  500  125            n_rec_eleg   7026.000   7050.625   61.657    NaN
50  500   62             P(S|conf)      0.800      0.796    0.004  0.936
51  500   62                 P(1a)      0.384      0.371    0.006  2.407
52  500   62              P(1a)_k1      0.385      0.373    0.015  0.765
53  500   62             P(1a)_k4+      0.379      0.370    0.008  1.097
54  500   62              P(r2<r1)      0.504      0.498    0.014  0.433
55  500   62  P(r(k+1)<r(k)) todos      0.499      0.490    0.006  1.580
56  500   62                 P(3R)      0.320      0.292    0.006  5.001
57  500   62                 P(5R)      0.210      0.191    0.005  3.802
58  500   62                P(10R)      0.111      0.099    0.004  3.016
59  500   62            n_rec_eleg   9738.000   9966.875   90.645    NaN
60  750  150             P(S|conf)      0.786      0.781    0.005  0.863
61  750  150                 P(1a)      0.456      0.452    0.009  0.422
62  750  150              P(1a)_k1      0.489      0.452    0.019  1.991
63  750  150             P(1a)_k4+      0.440      0.454    0.013 -1.049
64  750  150              P(r2<r1)      0.501      0.497    0.024  0.147
65  750  150  P(r(k+1)<r(k)) todos      0.491      0.495    0.007 -0.485
66  750  150                 P(3R)      0.225      0.220    0.008  0.687
67  750  150                 P(5R)      0.141      0.138    0.008  0.325
68  750  150                P(10R)      0.063      0.063    0.004 -0.012
69  750  150            n_rec_eleg   4014.000   3943.650   47.268    NaN
70  750  187             P(S|conf)      0.738      0.734    0.006  0.715
71  750  187                 P(1a)      0.505      0.498    0.010  0.747
72  750  187              P(1a)_k1      0.505      0.498    0.021  0.363
73  750  187             P(1a)_k4+      0.493      0.500    0.016 -0.435
74  750  187              P(r2<r1)      0.515      0.497    0.023  0.769
75  750  187  P(r(k+1)<r(k)) todos      0.496      0.494    0.008  0.184
76  750  187                 P(3R)      0.228      0.217    0.009  1.106
77  750  187                 P(5R)      0.135      0.133    0.007  0.334
78  750  187                P(10R)      0.052      0.054    0.005 -0.363
79  750  187            n_rec_eleg   3284.000   3238.700   35.509    NaN
80  750   93             P(S|conf)      0.841      0.839    0.004  0.446
81  750   93                 P(1a)      0.400      0.388    0.007  1.677
82  750   93              P(1a)_k1      0.391      0.389    0.017  0.131
83  750   93             P(1a)_k4+      0.388      0.389    0.010 -0.115
84  750   93              P(r2<r1)      0.490      0.505    0.022 -0.657
85  750   93  P(r(k+1)<r(k)) todos      0.497      0.494    0.007  0.331
86  750   93                 P(3R)      0.268      0.247    0.007  2.927
87  750   93                 P(5R)      0.171      0.159    0.007  1.759
88  750   93                P(10R)      0.089      0.080    0.005  1.885
89  750   93            n_rec_eleg   5400.000   5364.825   64.802    NaN