      T    m caminho  n_rec_eleg  n_dias  P_S_conf   att1   att2   att3  att4p   P_1a  r1_med  r2_med  P_r2_lt_r1  n_pares    P3R    P5R   P10R  n_trd
0   250   50      m1       15061      83     0.637  0.836  0.115  0.036  0.013  0.457   170.0   175.0       0.476     2135  0.287  0.188  0.095   6607
1   250   50    tick       29570      83     0.793  0.625  0.190  0.101  0.083  0.563   105.0   100.0       0.467     3828  0.244  0.162  0.085  28074
2   250   31      m1       16025      83     0.656  0.816  0.119  0.040  0.025  0.433   165.0   160.0       0.471     2265  0.447  0.284  0.151   7154
3   250   31    tick       41632      83     0.853  0.572  0.165  0.095  0.168  0.543    75.0    70.0       0.464     4400  0.268  0.174  0.095  39705
4   500  100      m1        5734      83     0.754  0.712  0.175  0.077  0.035  0.434   260.0   240.0       0.508      809  0.245  0.159  0.078   3549
5   500  100    tick        7243      83     0.801  0.640  0.192  0.095  0.073  0.580   200.0   200.0       0.504      935  0.244  0.158  0.078   7013
6   500   62      m1        6876      83     0.795  0.666  0.167  0.086  0.080  0.379   225.0   205.0       0.500      884  0.320  0.207  0.108   4100
7   500   62    tick       10916      83     0.868  0.579  0.161  0.087  0.173  0.560   135.0   135.0       0.490     1111  0.254  0.168  0.087  10637
8   750  150      m1        2897      83     0.789  0.677  0.180  0.090  0.053  0.456   330.0   317.5       0.490      404  0.229  0.140  0.061   1998
9   750  150    tick        3149      83     0.806  0.651  0.185  0.099  0.065  0.586   300.0   295.0       0.486      422  0.236  0.147  0.069   3031
10  750   93      m1        3852      83     0.842  0.627  0.163  0.094  0.115  0.389   270.0   225.0       0.494      462  0.261  0.165  0.082   2486
11  750   93    tick        4926      83     0.877  0.584  0.162  0.085  0.169  0.565   190.0   200.0       0.494      502  0.246  0.154  0.073   4826