== CELULAS (liquido apos R$5/saida a mercado) ==
mult  stop  n    liq   win  payoff   pf     dd   ddp    rf   pior  perda_med  seq  ex_stop  ex_alvo  ex_fl    jan    fev     mar    abr   smin  quebrou  score  final
 sem   400 36  658.0 22.22    4.40 1.26 1473.0 73.43  0.45 -152.0     -91.61   17       28        0      8  -58.0  526.0  -765.0  955.0  533.0    False  40.94  40.56
 sem   500 36  308.0 25.00    3.31 1.10 1838.0 87.48  0.17 -152.0    -111.37   17       27        0      9   37.0  381.0  -945.0  835.0  263.0    False  40.19  40.08
 sem   600 36  698.0 33.33    2.45 1.22 1543.0 67.79  0.45 -184.0    -130.12    9       24        0     12  -82.0  978.0  -913.0  715.0  733.0    False  39.12  38.58
 sem   700 36 1104.0 38.89    2.10 1.34 1511.0 69.82  0.73 -184.0    -149.23    7       22        0     14 -170.0  896.0 -1073.0 1451.0  653.0    False  36.44  35.23
 sem   800 36 1381.0 44.44    1.76 1.41 1208.0 54.97  1.14 -190.0    -169.45    7       20        0     16 -270.0  970.0  -690.0 1371.0  730.0    False  30.12  33.50
 sem   900 36 1502.0 47.22    1.59 1.42 1394.0 65.88  1.08 -209.0    -187.68    7       19        0     17 -372.0  930.0  -830.0 1774.0  628.0    False  33.94  29.92
 sem  1000 36 1915.0 50.00    1.52 1.52 1256.0 65.55  1.52 -214.0    -206.22    6       18        0     18 -457.0  864.0  -206.0 1714.0  543.0    False  25.69  26.67
 sem  1100 36 2068.0 52.78    1.37 1.53 1396.0 50.51  1.48 -257.0    -229.94    6       17        0     19  -41.0  781.0  -326.0 1654.0  959.0    False  20.38  24.54
 sem  1200 36 1835.0 52.78    1.29 1.44 1536.0 59.17  1.19 -281.0    -243.65    6       16        0     20 -169.0  741.0  -446.0 1709.0  831.0    False  27.56  18.62
 sem  1300 36 2321.0 55.56    1.25 1.56  923.0 51.50  2.51 -281.0    -259.00    3       15        0     21 -222.0  687.0   187.0 1669.0  778.0    False   7.94  14.40
 sem  1400 36 2244.0 55.56    1.23 1.53 1043.0 49.97  2.15 -315.0    -263.81    3       14        0     22 -101.0  629.0    87.0 1629.0  899.0    False   7.69  10.81
 sem  1500 36 1996.0 55.56    1.16 1.45 1163.0 52.32  1.72 -315.0    -279.31    3       14        0     22 -148.0  568.0   -13.0 1589.0  852.0    False  16.81  12.25
  2x   400 36  -71.0 36.11    1.71 0.97  710.0 50.21 -0.10 -152.0     -92.87    6       23       13      0 -262.0  521.0  -285.0  -45.0  704.0    False  35.31  39.03
  2x   500 36 -432.0 33.33    1.68 0.84 1268.0 81.75 -0.34 -152.0    -112.17    6       24       11      1  -55.0  313.0  -645.0  -45.0  283.0    False  42.75  34.23
  2x   600 36  930.0 44.44    1.70 1.36  920.0 36.73  1.01 -152.0    -128.15    6       20       14      2  536.0  844.0  -405.0  -45.0 1000.0    False  24.62  29.40
  2x   700 36 1297.0 47.22    1.63 1.46  798.0 50.35  1.63 -184.0    -149.68    5       19       14      3 -213.0 1180.0  -465.0  795.0  787.0    False  20.81  20.52
  2x   800 36 1796.0 50.00    1.59 1.59  891.0 54.40  2.02 -190.0    -169.94    5       18       14      4 -253.0 1315.0   -45.0  779.0  747.0    False  16.12  18.52
  2x   900 36 1723.0 50.00    1.51 1.51  973.0 58.44  1.77 -209.0    -187.83    5       18       12      6 -308.0  957.0   -45.0 1119.0  692.0    False  18.62  16.38
  2x  1000 36 2306.0 52.78    1.48 1.66 1033.0 65.55  2.23 -214.0    -206.29    5       17       10      9 -457.0 1037.0   555.0 1171.0  543.0    False  14.38  17.60
  2x  1100 36 1745.0 52.78    1.29 1.45 1396.0 48.07  1.25 -257.0    -229.94    6       17        7     12  -41.0  640.0   -45.0 1191.0  959.0    False  19.81  21.25
  2x  1200 36 1372.0 52.78    1.19 1.33 1536.0 61.05  0.89 -281.0    -243.65    6       16        6     14 -169.0  648.0  -433.0 1326.0  831.0    False  29.56  19.38
  2x  1300 36 2116.0 55.56    1.21 1.51  896.0 51.50  2.36 -281.0    -259.00    3       15        7     14 -222.0  665.0   307.0 1366.0  778.0    False   8.75  15.69
  2x  1400 36 2074.0 55.56    1.19 1.49 1043.0 49.97  1.99 -315.0    -263.81    3       14        5     17 -101.0  509.0   260.0 1406.0  899.0    False   8.75  11.17
  2x  1500 36 1792.0 55.56    1.12 1.40 1163.0 52.32  1.54 -315.0    -279.31    3       14        4     18 -148.0  471.0    23.0 1446.0  852.0    False  16.00  12.38
  3x   400 36 -211.0 27.78    2.37 0.91 1015.0 71.53 -0.21 -152.0     -92.12    6       26        9      1 -243.0  282.0  -445.0  195.0  404.0    False  38.75  36.41
  3x   500 36   81.0 30.56    2.34 1.03 1058.0 63.97  0.08 -152.0    -111.88    6       25        9      2   23.0  348.0  -545.0  255.0  596.0    False  34.06  33.90
  3x   600 36  552.0 36.11    2.09 1.18  815.0 42.47  0.68 -184.0    -130.35    6       23        9      4  -18.0  643.0  -165.0   92.0  982.0    False  28.88  27.56
  3x   700 36 1281.0 41.67    1.97 1.41  798.0 49.02  1.61 -184.0    -149.43    5       21        6      9 -170.0  688.0  -185.0  948.0  830.0    False  19.75  26.94
  3x   800 36 1002.0 44.44    1.62 1.30 1155.0 54.97  0.87 -190.0    -169.45    7       20        5     11 -270.0  877.0  -593.0  988.0  730.0    False  32.19  28.77
  3x   900 36 1234.0 47.22    1.50 1.35 1301.0 64.47  0.95 -209.0    -187.68    7       19        4     13 -372.0  768.0  -673.0 1511.0  628.0    False  34.38  31.38
  3x  1000 36 1711.0 50.00    1.46 1.46 1256.0 65.55  1.36 -214.0    -206.22    6       18        4     14 -457.0  767.0  -170.0 1571.0  543.0    False  27.56  27.04
  3x  1100 36 2069.0 52.78    1.37 1.53 1396.0 49.50  1.48 -257.0    -229.94    6       17        3     16  -41.0  741.0  -230.0 1599.0  959.0    False  19.19  24.48
  3x  1200 36 1871.0 52.78    1.30 1.45 1536.0 58.47  1.22 -281.0    -243.65    6       16        2     18 -169.0  772.0  -446.0 1714.0  831.0    False  26.69  17.62
  3x  1300 36 2436.0 55.56    1.27 1.59  923.0 51.50  2.64 -281.0    -259.00    3       15        1     20 -222.0  802.0   187.0 1669.0  778.0    False   7.00  13.35
  3x  1400 36 2384.0 55.56    1.25 1.56 1043.0 49.97  2.29 -315.0    -263.81    3       14        1     21 -101.0  769.0    87.0 1629.0  899.0    False   6.38   9.17
  3x  1500 36 2202.0 55.56    1.19 1.49 1163.0 52.32  1.89 -315.0    -279.31    3       14        1     21 -148.0  774.0   -13.0 1589.0  852.0    False  14.12  10.25
  4x   400 36  536.0 27.78    3.18 1.22  690.0 42.57  0.78 -152.0     -92.12    6       26        9      1  -41.0  507.0  -365.0  435.0  931.0    False  27.44  32.56
  4x   500 36   -4.0 27.78    2.60 1.00 1338.0 73.03 -0.00 -152.0    -111.62   10       26        5      5   37.0  112.0  -445.0  292.0  494.0    False  37.69  35.50
  4x   600 36  222.0 33.33    2.14 1.07 1543.0 70.68  0.14 -184.0    -130.12    9       24        4      8  -82.0  885.0  -913.0  332.0  640.0    False  41.38  39.29
  4x   700 36  761.0 38.89    1.94 1.23 1511.0 73.92  0.50 -184.0    -149.23    7       22        3     11 -170.0  776.0 -1073.0 1228.0  533.0    False  38.81  37.25
  4x   800 36 1254.0 44.44    1.71 1.37 1208.0 56.08  1.04 -190.0    -169.45    7       20        3     13 -270.0  906.0  -690.0 1308.0  730.0    False  31.56  34.35
  4x   900 36 1538.0 47.22    1.60 1.43 1394.0 64.93  1.10 -209.0    -187.68    7       19        2     15 -372.0  961.0  -830.0 1779.0  628.0    False  32.69  29.31
  4x  1000 36 2030.0 50.00    1.55 1.55 1256.0 65.55  1.62 -214.0    -206.22    6       18        1     17 -457.0  979.0  -206.0 1714.0  543.0    False  23.69  24.21
  4x  1100 36 2274.0 52.78    1.42 1.58 1396.0 47.00  1.63 -257.0    -229.94    6       17        1     18  -41.0  987.0  -326.0 1654.0  959.0    False  16.25  20.92
  4x  1200 36 2096.0 52.78    1.35 1.51 1536.0 53.76  1.36 -281.0    -243.65    6       16        1     19 -169.0 1002.0  -446.0 1709.0  831.0    False  22.81  15.67
  4x  1300 36 2321.0 55.56    1.25 1.56  923.0 51.50  2.51 -281.0    -259.00    3       15        0     21 -222.0  687.0   187.0 1669.0  778.0    False   7.94  12.81
  4x  1400 36 2244.0 55.56    1.23 1.53 1043.0 49.97  2.15 -315.0    -263.81    3       14        0     22 -101.0  629.0    87.0 1629.0  899.0    False   7.69  10.81
  4x  1500 36 1996.0 55.56    1.16 1.45 1163.0 52.32  1.72 -315.0    -279.31    3       14        0     22 -148.0  568.0   -13.0 1589.0  852.0    False  16.81  12.25

== HEAT LIQUIDO R$ (linhas=stop) ==
          2x      3x      4x     sem
stop                                
400    -71.0  -211.0   536.0   658.0
500   -432.0    81.0    -4.0   308.0
600    930.0   552.0   222.0   698.0
700   1297.0  1281.0   761.0  1104.0
800   1796.0  1002.0  1254.0  1381.0
900   1723.0  1234.0  1538.0  1502.0
1000  2306.0  1711.0  2030.0  1915.0
1100  1745.0  2069.0  2274.0  2068.0
1200  1372.0  1871.0  2096.0  1835.0
1300  2116.0  2436.0  2321.0  2321.0
1400  2074.0  2384.0  2244.0  2244.0
1500  1792.0  2202.0  1996.0  1996.0

== HEAT FATOR DE RECUPERACAO (linhas=stop) ==
        2x    3x    4x   sem
stop                        
400  -0.10 -0.21  0.78  0.45
500  -0.34  0.08 -0.00  0.17
600   1.01  0.68  0.14  0.45
700   1.63  1.61  0.50  0.73
800   2.02  0.87  1.04  1.14
900   1.77  0.95  1.10  1.08
1000  2.23  1.36  1.62  1.52
1100  1.25  1.48  1.63  1.48
1200  0.89  1.22  1.36  1.19
1300  2.36  2.64  2.51  2.51
1400  1.99  2.29  2.15  2.15
1500  1.54  1.89  1.72  1.72

== HEAT MAXDD % (linhas=stop) ==
         2x     3x     4x    sem
stop                            
400   50.21  71.53  42.57  73.43
500   81.75  63.97  73.03  87.48
600   36.73  42.47  70.68  67.79
700   50.35  49.02  73.92  69.82
800   54.40  54.97  56.08  54.97
900   58.44  64.47  64.93  65.88
1000  65.55  65.55  65.55  65.55
1100  48.07  49.50  47.00  50.51
1200  61.05  58.47  53.76  59.17
1300  51.50  51.50  51.50  51.50
1400  49.97  49.97  49.97  49.97
1500  52.32  52.32  52.32  52.32

== RANKING TOP 10 (final suavizado, nao-quebra) ==
mult  stop  final  score  n    liq   win  payoff   pf     dd   ddp   rf   pior  perda_med  seq  ex_stop  ex_alvo  ex_fl    jan   fev   mar    abr  smin
  3x  1400   9.17   6.38 36 2384.0 55.56    1.25 1.56 1043.0 49.97 2.29 -315.0    -263.81    3       14        1     21 -101.0 769.0  87.0 1629.0 899.0
  3x  1500  10.25  14.12 36 2202.0 55.56    1.19 1.49 1163.0 52.32 1.89 -315.0    -279.31    3       14        1     21 -148.0 774.0 -13.0 1589.0 852.0
 sem  1400  10.81   7.69 36 2244.0 55.56    1.23 1.53 1043.0 49.97 2.15 -315.0    -263.81    3       14        0     22 -101.0 629.0  87.0 1629.0 899.0
  4x  1400  10.81   7.69 36 2244.0 55.56    1.23 1.53 1043.0 49.97 2.15 -315.0    -263.81    3       14        0     22 -101.0 629.0  87.0 1629.0 899.0
  2x  1400  11.17   8.75 36 2074.0 55.56    1.19 1.49 1043.0 49.97 1.99 -315.0    -263.81    3       14        5     17 -101.0 509.0 260.0 1406.0 899.0
 sem  1500  12.25  16.81 36 1996.0 55.56    1.16 1.45 1163.0 52.32 1.72 -315.0    -279.31    3       14        0     22 -148.0 568.0 -13.0 1589.0 852.0
  4x  1500  12.25  16.81 36 1996.0 55.56    1.16 1.45 1163.0 52.32 1.72 -315.0    -279.31    3       14        0     22 -148.0 568.0 -13.0 1589.0 852.0
  2x  1500  12.38  16.00 36 1792.0 55.56    1.12 1.40 1163.0 52.32 1.54 -315.0    -279.31    3       14        4     18 -148.0 471.0  23.0 1446.0 852.0
  4x  1300  12.81   7.94 36 2321.0 55.56    1.25 1.56  923.0 51.50 2.51 -281.0    -259.00    3       15        0     21 -222.0 687.0 187.0 1669.0 778.0
  3x  1300  13.35   7.00 36 2436.0 55.56    1.27 1.59  923.0 51.50 2.64 -281.0    -259.00    3       15        1     20 -222.0 802.0 187.0 1669.0 778.0

TOP: stop 1400 alvo 3x

sinais/dias com trade em algum lado: 36; sorteios 20000
NULO celula top: liquido obs 2384; nulo media -499 dp 1757; p95 2379; p(liq>=obs)=0.0496; p(RF>=obs)=0.0403
MAX-STAT 48 celulas: max nulo liquido media 811 p95 2777; p_corrigido(liq>=obs)=0.0872; p_corrigido(RF>=obs)=0.1829
PODER (celula top): n=36, media/trade 66.2, dp/trade 347.7, t=1.14; efeito minimo detectavel 80% poder alfa 5% unilateral ~ 144 R$/trade (5184 R$ no total)