                                                  liq_med  liq_medio      p5      p95  ruina  t_ruina_med    maxdd   ulcer  meses_pos  pior_mes  pior_seq      ops
cenario               politica                                                                                                                                    
nulo (sem vantagem)   fixo 1                       -158.6    -80.964 -178.60   352.64  0.788         55.0  260.851  30.979      0.300  -145.528     3.829  113.270
                      Kelly 1/4 ingenuo             -94.2    -46.192 -149.00   285.44  0.038        100.0  184.011  36.210      0.164   -95.998     3.070   72.428
                      Kelly 1/4 encolhido n0=100    -38.0    -32.878 -146.21   201.05  0.024        140.0  124.109  23.349      0.111   -65.778     2.208   45.544
                      tamanho por volatilidade     -156.0    -84.047 -171.20   329.51  0.782         64.0  279.939  35.757      0.287  -148.128     3.773  108.976
+4pp                  fixo 1                        193.1    203.210 -174.00   830.23  0.378         58.0  249.958  23.758      0.495  -131.234     3.903  184.892
                      Kelly 1/4 ingenuo              50.2    169.554 -147.60   754.80  0.030         99.0  241.022  31.790      0.380  -119.681     3.614  145.226
                      Kelly 1/4 encolhido n0=100      0.0    128.927 -147.03   698.98  0.032        107.0  191.026  25.866      0.326   -96.668     3.302  117.028
                      tamanho por volatilidade       91.9    266.934 -168.20  1399.64  0.415         64.0  371.078  29.940      0.460  -183.876     3.835  175.214
+15pp raro (tipo R29) fixo 1                        463.4    462.291  196.20   736.44  0.008         59.0   88.945   7.011      0.776   -41.097     2.270   74.721
                      Kelly 1/4 ingenuo             475.8    695.528  132.00  1962.11  0.001        115.0  171.937   9.781      0.726   -73.762     2.236   69.307
                      Kelly 1/4 encolhido n0=100    361.6    359.538   57.53   639.40  0.000          NaN   81.798   7.493      0.631   -38.276     2.106   58.018
                      tamanho por volatilidade      572.7    648.458  157.98  1440.20  0.009         82.5  144.561   9.176      0.774   -64.631     2.265   74.127
