                                                                     liq_med  liq_medio      p5      p95  ruina  t_ruina_med    maxdd   ulcer  meses_pos  pior_mes  pior_seq      ops
cenario                                regra                                                                                                                                         
nulo, dias iid                         sem parada                     -161.4   -126.409 -178.61   145.99  0.933         24.0  307.444  33.978      0.198  -189.546     4.024  173.108
                                       max 2 operacoes/dia            -159.4    -98.502 -178.20   365.38  0.861         36.0  289.340  33.023      0.249  -167.836     3.961  146.458
                                       max 1 stop/dia                 -160.0   -108.979 -178.40   316.33  0.887         36.0  288.414  34.544      0.228  -166.195     3.967  151.900
                                       perda max R$40/dia             -160.0   -122.666 -178.40   218.27  0.929         25.0  304.897  34.485      0.198  -184.878     3.996  168.328
                                       perda max R$40 + max 2 stops   -160.8   -120.947 -179.00   226.50  0.922         26.0  303.452  34.617      0.199  -182.938     3.992  168.910
+4pp, dias iid                         sem parada                      442.8    509.973 -174.81  1731.83  0.436         21.0  342.332  24.917      0.463  -182.360     4.484  471.874
                                       max 2 operacoes/dia             306.0    330.134 -175.40  1174.27  0.411         33.5  297.339  24.676      0.489  -155.150     4.200  296.920
                                       max 1 stop/dia                  323.7    368.068 -175.20  1310.95  0.412         35.0  308.706  25.705      0.466  -156.728     4.260  337.422
                                       perda max R$40/dia              409.6    479.432 -174.60  1653.95  0.434         24.0  338.919  25.336      0.459  -178.870     4.471  445.514
                                       perda max R$40 + max 2 stops    388.0    471.208 -174.80  1630.95  0.432         24.0  337.221  25.410      0.461  -178.243     4.440  438.432
+4pp, dias ruins persistem (sigma 6pp) sem parada                      435.3    504.894 -176.00  1708.44  0.444         20.0  347.888  25.267      0.458  -186.743     4.607  465.282
                                       max 2 operacoes/dia             274.6    324.824 -175.61  1167.78  0.418         33.0  299.243  24.941      0.484  -157.209     4.246  293.236
                                       max 1 stop/dia                  478.9    455.821 -174.61  1420.07  0.366         33.0  304.861  24.314      0.496  -156.006     4.318  354.180
                                       perda max R$40/dia              495.2    516.996 -175.00  1674.24  0.420         22.0  338.207  25.003      0.472  -178.973     4.490  450.316
                                       perda max R$40 + max 2 stops    510.1    522.631 -175.00  1674.28  0.410         22.0  336.099  24.850      0.475  -177.445     4.484  447.629
nulo, dias ruins persistem (sigma 6pp) sem parada                     -160.8   -122.775 -179.01   205.04  0.934         23.0  306.897  34.045      0.196  -190.800     4.074  168.445
                                       max 2 operacoes/dia            -160.0   -102.924 -178.41   331.82  0.868         35.0  290.151  33.309      0.251  -169.018     4.004  144.502
                                       max 1 stop/dia                 -159.6    -90.897 -178.00   404.51  0.852         36.0  298.201  34.169      0.247  -168.573     4.043  166.249
                                       perda max R$40/dia             -160.8   -115.499 -179.00   288.58  0.918         25.0  306.958  34.648      0.201  -184.672     4.029  171.068
                                       perda max R$40 + max 2 stops   -160.2   -114.428 -179.00   290.07  0.919         26.0  306.513  34.555      0.204  -184.036     4.045  170.256
