2026-03-04 20 149 866711
2026-03-02 31 141 854575
2026-03-03 43 193 1100435
2026-03-05 42 221 1015330
2026-03-06 61 206 953666
2026-03-09 40 159 978573
2026-03-10 38 125 977429
2026-03-11 33 134 916451
2026-03-12 42 141 904925
2026-03-13 28 151 873421
2026-03-16 29 113 788560
2026-03-17 24 147 897508
2026-03-18 23 141 916025
2026-03-19 61 155 962183
2026-03-20 22 152 884846
2026-03-23 43 173 953062
2026-03-24 61 161 930407
2026-03-25 29 142 889813
2026-03-27 20 99 765823
2026-03-26 55 142 858552
2026-03-30 16 98 826256
2026-03-31 32 177 1011063
2026-04-02 23 124 919659
2026-04-01 21 120 957722
2026-04-06 58 130 834112
2026-04-09 7 104 889588
2026-04-07 24 150 976957
2026-04-08 27 130 984802
2026-04-10 5 95 810384
2026-04-13 9 75 806219
2026-04-14 9 77 770200
2026-04-15 8 67 682154
2026-04-16 6 66 796207
2026-04-17 9 88 817897
2026-04-20 13 63 715310
2026-04-22 7 82 823810
2026-04-23 16 94 852429
2026-04-24 3 69 746177
2026-04-27 7 62 745271
2026-04-28 3 51 747369
2026-04-29 6 53 731639
2026-04-30 4 46 679564
2026-05-04 8 70 775203
2026-05-05 5 62 771965
2026-05-06 6 77 809827
2026-05-07 7 62 854262
2026-05-08 10 80 753230
2026-05-11 7 61 823587
2026-05-12 27 73 823649
2026-05-14 4 73 713588
2026-05-13 8 90 830783
2026-05-15 20 80 750993
2026-05-18 21 72 773849
2026-05-20 13 92 721097
2026-05-19 6 75 804336
2026-05-21 22 83 766904
2026-05-25 4 40 622504
2026-05-22 12 63 695858
2026-05-26 17 65 726256
2026-05-27 29 81 768629
2026-05-28 13 79 723812
2026-05-29 17 87 779021
2026-06-01 7 91 760958
2026-06-02 14 74 817292
2026-06-03 12 87 823202
2026-06-05 6 94 800627
2026-06-08 5 64 776663
2026-06-09 12 85 892149
2026-06-10 9 64 732087
2026-06-12 5 69 767691
2026-06-11 12 101 881418
2026-06-15 17 64 747765
2026-06-16 14 73 749376
2026-06-18 8 92 730896
2026-06-17 11 113 795779
2026-06-19 5 39 612398
2026-06-22 8 67 729569
2026-06-23 10 71 759898
2026-06-24 7 94 766018
2026-06-25 10 87 759925
2026-06-29 5 62 627212
2026-06-26 22 77 768950
2026-06-30 6 90 784317
